		master			2			3			4			5

12		13236722		217265234	144141322	149237810	143518762

21		13416346		218086226	144834330	149913282	144192906

50		13573890		230595098	155275850	160656506	154636866

71		13759538		254445450	175664306	181059042	175059642

85		13921642		260325234	181772282	186594466	180793098

		master			2			3			4			5
		
12		16267832		286458448	271406328	295035248	277257760
	
21		16282480		286468808	271431984	295049320	277270568

50		16304296		291073016	273492968	299623744	282223992

71		16332056		309006504	293605344	318127976	301265008

85		16356744		356426552	337287544	365004320	345141080

first read, then write