before	12300658 		166386258	100926706	105969402	100300858

12		12473154		170794562	104675562	109710346	104018690

21		12613570		171688010	105356226	110383258	104769338

50		12785698		184136970	115991634	120962562	115397426

71		12925650		208003434	136379346	141499986	135793818

85		13093722		212780194	140427578	145544482	139820658

before	15681624		272300720	259907224	288056928	269607992

12		15758440		273412744	261354856	288989712	270798008

21		15853448		277565912	261789144	289424776	272306424

50		15985040		283413568	266495912	292537944	275350032

71		16140616		283929304	267060512	293313864	275962320

85		16255208		286426696	271373184	295015088	277238664

first read, then write