		master			2			3			4			5
12		1752851512		44771591653	56710073923	48181382963	54999407768

21		1754396783		44773110989	56780079190	48243812983	55050439342

50		1756885722		45748927880	58372070279	49221038981	56667998135

71		1761075680		45769070892	59986621327	49270343818	57642387795

85		1764271188		47261398462	61267615951	50797535833	58923287537

		master			2			3			4			5
12		2629228264		72121807231	36160673951	50254244060	37468590241

21		2631147762		72292768034	36165932164	50255177287	37469709039

50		2633376303		74195177616	37492857629	51332834231	38130743386

71		2643651848		75368652127	37954532770	51671690443	38711024245

85		2646512129		76610756391	39707286730	52859496272	39923769440

first receive, then transmit