		master			2			3			4			5

before	1582784274		40987247644	49813862226	41339540674	50703579527

12		1614471835		41124663491	50593824561	42099630155	51182480522

21		1646319416		41855231267	51913751519	43345264064	51317515806

50		1672926222		43320425216	54172541646	46129389238	52898821614

71		1736350061		43847104050	55643508480	46876268138	54319316252

85		1751602766		44765591315	56660001020	47983405174	54963676745

		master			2			3			4			5
		
before  1977535750		62930981018	31800763442	46367594064	34433806851

12		2084942130		63538432956	32227854453	46770384358	34990201219

21		2191401267		65690879133	32711627252	47144726021 35197323107

50		2320684902		68719505724	34922359060	48323016522	36452925957

71		2457601797		70866203198	35143766316	49399340200	36931463606

85		2627861699		71861806276	36153626457	50248593861	37463342891

first receive, then transmit